RC brand 1
[1,0.737,0.02,1],[0.102,0.918,0.212,1],[0.039,0.835,0.988,1],[0,0.529,0.878,1],
[0,0.078,0.522,1],[0.514,0.141,1,1],[0.984,0.027,0.6,1]


RC brand 2
[1,0.737,0.02,1],[0,0.529,0.878,1],[0,0.078,0.522,1],[0.984,0.027,0.6,1]


Vapor wave 1
[1,0.196,0.102,1],[1,0.565,0.106,1],[0.886,0,0.969,1],[0.271,0.055,1,1],
[0.133,0,0.439,1]



Sparklers 1
[0.965,0.647,0.133,1],[0.906,0.016,0.255,1],[0.659,0.012,0.263,1],[0.98,0.376,0.224,1],
[0.008,0.82,1,1],[1,0.878,0.078,1],[0.059,0.529,0.796,1],[0.365,0.02,0.341,1]

[0.263,0.122,0.294,1],[0.216,0.212,0.251,1],[0.4,0.063,0.102,1],[0.741,0.431,0,1],
[0.388,0.569,0.675,1],[0.251,0.043,0.09,1],[0.09,0.176,0.227,1]

Matrix 1
[0.004,0.835,0.169,1],[0.004,0.835,0.169,1],[0,0.702,0.153,1],[0,0.702,0.153,1],
[0,0.702,0.153,1],[0,1,0.267,1],[0,1,0.267,1],[0.329,1,0.51,1],
[0.384,1,0.569,1],[0.18,1,0.439,1],[0.18,1,0.439,1],[0.376,0.992,0.596,1],
[0.349,1,0.596,1],[0.267,0.816,0.502,1],[0.008,0.573,0.271,1],[0.008,0.573,0.271,1],
[0.008,0.573,0.271,1],[0.404,0.969,0.675,1],[0.467,0.973,0.722,1],[0.361,0.71,0.639,1],
[0.361,0.478,1,1],[0.482,0.059,0.38,1],[0.961,0.278,0.62,1]

Volcano 1
[0.459,0.024,0.024,1],[0.494,0.02,0,1],[0.816,0.133,0.012,1],[0.914,0.161,0,1],
[0.98,0.196,0.012,1],[0.969,0.298,0.047,1],[0.992,0.282,0.008,1],[0.992,0.322,0.035,1],
[0.957,0.298,0,1],[0.996,0.322,0,1],[0.988,0.357,0.012,1],[0.988,0.514,0.016,1],
[1,0.529,0.008,1],[0.996,0.573,0.043,1],[1,0.58,0.012,1],[0.996,0.58,0.008,1],
[0.988,0.58,0.012,1],[0.988,0.592,0,1],[0.988,0.639,0.047,1],[0.988,0.714,0.016,1],
[0.988,0.906,0.016,1],[0.996,0.922,0.008,1],[0.271,0.008,0.035,1],[0.412,0.012,0.024,1],
[0.443,0.016,0.027,1]


